8 lettres
Nichrome [5, 3, 0, 2, 7, 6, 4, 1]

6 lettres
Corine [0, 6, 7, 3, 5, 1]
Enrico [1, 5, 7, 3, 0, 6]
Chemin [0, 2, 1, 4, 3, 5]
Chrome [0, 2, 7, 6, 4, 1]
Chomer [0, 2, 6, 4, 1, 7]
Mioche [4, 3, 6, 0, 2, 1]
Nicher [5, 3, 0, 2, 1, 7]
Recoin [7, 1, 0, 6, 3, 5]
Echoir [1, 0, 2, 6, 3, 7]

5 lettres

Cheri [0, 2, 1, 7, 3]
Corie [0, 6, 7, 3, 1]
Corin [0, 6, 7, 3, 5]
Enoch [1, 5, 6, 0, 2]
Enric [1, 5, 7, 3, 0]
Erich [1, 7, 3, 0, 2]
Henri [2, 1, 5, 7, 3]
Heron [2, 1, 7, 6, 5]
Homer [2, 6, 4, 1, 7]
Noemi [5, 6, 1, 4, 3]
Chien [0, 2, 3, 1, 5]
Chier [0, 2, 3, 1, 7]
Chine [0, 2, 3, 5, 1]
Choie [0, 2, 6, 3, 1]
Choir [0, 2, 6, 3, 7]
Chome [0, 2, 3, 4, 1]
Ciron [0, 3, 7, 6, 5]
Corne [0, 6, 7, 5, 1]
Crime [0, 7, 3, 4, 1]
Croie [0, 7, 6, 3, 1]
Icone [3, 0, 6, 5, 1]
Merci [4, 1, 7, 0, 3]
Miche [4, 3, 0, 2, 1]
Micro [4, 3, 0, 7, 6]
Mince [4, 3, 5, 0, 1]
Miner [4, 3, 5, 1, 7]
Moche [4, 6, 0, 2, 1]
Moine [4, 6, 3, 5, 1]
Morne [4, 6, 7, 5, 1]
Niche [5, 3, 0, 2, 1]
Noire [5, 6, 3, 7, 1]
Norme [5, 6, 7, 4, 1]
Riche [7, 3, 0, 2, 1]
Rince [7, 3, 5, 0, 1]
Roche [5, 6, 0, 2, 1]
Ronce [7, 6, 5, 0, 1]

4 lettres

Cher [0, 2, 1, 7]
Echo [1, 0, 2, 6]
Eric [1, 7, 3, 0]
Hero [2, 1, 7, 6]
Nico [5, 3, 0, 6]
Rein [7, 1, 3, 5]
cime [0, 3, 4, 1]
Cire [0, 3, 7, 1]
Coin [0, 6, 3, 5]
Cone [0, 6, 5, 1]
crie [0, 7, 3, 1]
hier [2, 3, 1, 7]
Hein [2, 1, 3, 5]
mien [4, 3, 1, 5]
nier [5, 3, 1, 7]
noce [5, 6, 0, 1]
noie [5, 6, 3, 1]
noir [5, 6, 3, 7]
nome [5, 6, 4, 1]
once [6, 5, 0, 1]
orme [6, 7, 4, 1]
orne [6, 7, 5, 1]
rien [7, 3, 1, 5]
rime [7, 3, 4, 1]
emoi [1, 4, 6, 3]
emir [1, 4, 3, 7]

3 lettres
roi [7, 6, 3]
con [0, 6, 5]
moi [4, 6, 3]
mon [4, 6, 5]
nom [5, 6, 4]
nie [5, 3, 1]
mir [4, 3, 7]






[5, 3, 0, 2, 7, 6, 4, 1]
[0, 6, 7, 3, 5, 1]
[1, 5, 7, 3, 0, 6]
[0, 2, 1, 4, 3, 5]
[0, 2, 7, 6, 4, 1]
[0, 2, 6, 4, 1, 7]
[4, 3, 6, 0, 2, 1]
[5, 3, 0, 2, 1, 7]
[7, 1, 0, 6, 3, 5]
[1, 0, 2, 6, 3, 7]
[0, 2, 1, 7, 3]
[0, 6, 7, 3, 1]
[0, 6, 7, 3, 5]
[1, 5, 6, 0, 2]
[1, 5, 7, 3, 0]
[1, 7, 3, 0, 2]
[2, 1, 5, 7, 3]
[2, 1, 7, 6, 5]
[2, 6, 4, 1, 7]
[5, 6, 1, 4, 3]
[0, 2, 3, 1, 5]
[0, 2, 3, 1, 7]
[0, 2, 3, 5, 1]
[0, 2, 6, 3, 1]
[0, 2, 6, 3, 7]
[0, 2, 3, 4, 1]
[0, 3, 7, 6, 5]
[0, 6, 7, 5, 1]
[0, 7, 3, 4, 1]
[0, 7, 6, 3, 1]
[3, 0, 6, 5, 1]
[4, 1, 7, 0, 3]
[4, 3, 0, 2, 1]
[4, 3, 0, 7, 6]
[4, 3, 5, 0, 1]
[4, 3, 5, 1, 7]
[4, 6, 0, 2, 1]
[4, 6, 3, 5, 1]
[4, 6, 7, 5, 1]
[5, 3, 0, 2, 1]
[5, 6, 3, 7, 1]
[5, 6, 7, 4, 1]
[7, 3, 0, 2, 1]
[7, 3, 5, 0, 1]
[5, 6, 0, 2, 1]
[7, 3, 5, 0, 1]
[0, 2, 1, 7]
[1, 0, 2, 6]
[1, 7, 3, 0]
[2, 1, 7, 6]
[5, 3, 0, 6]
[7, 1, 3, 5]
[0, 3, 4, 1]
[0, 3, 7, 1]
[0, 6, 3, 5]
[0, 6, 5, 1]
[2, 3, 1, 7]
[2, 1, 3, 5]
[4, 3, 1, 5]
[5, 3, 1, 7]
[5, 6, 0, 1]
[5, 6, 3, 1]
[5, 6, 3, 7]
[5, 6, 4, 1]
[6, 5, 0, 1]
[6, 7, 4, 1]
[6, 7, 5, 1]
[7, 3, 1, 5]
[7, 3, 4, 1]
[1, 4, 6, 3]
[1, 4, 3, 7]
[7, 6, 3]
[0, 6, 5]
[4, 6, 3]
[4, 6, 5]
[5, 6, 4]
[5, 3, 1]
[4, 3, 7]